882
883
884
885
886
887
882
883
884
885
886
887
894
895
896
897
898
899
882
883
884
885
886
887
894
895
896
897
898
899
900
901
902
903
904
905
882
883
884
885
886
887
894
895
896
897
898
899
900
901
902
903
904
905
918
919
920
921
922
923
882
883
884
885
886
887
894
895
896
897
898
899
900
901
902
903
904
905
918
919
920
921
922
923
936
937
938
939
940
941
882
883
884
885
886
887
894
895
896
897
898
899
900
901
902
903
904
905
918
919
920
921
922
923
936
937
938
939
940
941
948
949
950
951
952
953
882
883
884
885
886
887
894
895
896
897
898
899
900
901
902
903
904
905
918
919
920
921
922
923
936
937
938
939
940
941
948
949
950
951
952
953
954
955
956
957
958
959
882
883
884
885
886
887
882
883
884
885
886
887
